1. 料理愛好家グループ:
2次グループ 1: [1086, 1296, 1134, 1325, 1230, 1116, 1041, 1083]
2次グループ 2: [1020, 1088, 1067, 1257, 1309, 1319, 1125, 1129]
2次グループ 3: [1065, 1119, 1008, 1037, 1138, 1313]

2. スポーツ enthusiasts グループ:
2次グループ 1: [1290, 1017, 1047, 1303, 1015, 1318, 1299, 1280]
2次グループ 2: [1012, 1304, 1249, 1287, 1217, 1016, 1010]

3. 芸術・文化グループ:
2次グループ 1: [1011, 1265, 1028, 1021, 1045, 1305, 1024, 1320]

4. 学問探究グループ:
2次グループ 1: [1069, 1089, 1049, 1211, 1043, 1023, 1201, 1019]
2次グループ 2: [1046, 1179, 1063, 1328, 1094, 1036, 1295]

5. 趣味多様性グループ:
2次グループ 1: [1150, 1153, 1139, 1216, 1235, 1183, 1096, 1103]
2次グループ 2: [1197, 1311, 1279, 1186, 1115, 1120, 1097, 1171]
2次グループ 3: [1200, 1244, 1288, 1238, 1301, 1269, 1286, 1256]
2次グループ 4: [1104, 1182, 1135, 1221, 1033, 1240, 1208, 1324]
2次グループ 5: [1243, 1205, 1237, 1220, 1014, 1234, 1161, 1156]
2次グループ 6: [1174, 1339, 1300, 1199, 1140, 1212, 1151, 1013]
2次グループ 7: [1264, 1035, 1172, 1275, 1329, 1277, 1266, 1323]
2次グループ 8: [1239, 1038, 1130, 1209, 1312, 1166, 1321, 1181]
2次グループ 9: [1331, 1229, 1148, 1245, 1034, 1255, 1232, 1168]
2次グループ 10: [1195, 1102, 1231, 1118, 1298, 1210, 1095, 1228]
2次グループ 11: [1051, 1322, 1085, 1154, 1191, 1330, 1310, 1193]
2次グループ 12: [1184, 1105, 1196, 1149, 1133, 1267, 1061, 1259]
2次グループ 13: [1090, 1198, 1164, 1132, 1204, 1272, 1250, 1241]
2次グループ 14: [1214, 1188, 1276, 1170, 1281, 1173, 1194, 1189]
2次グループ 15: [1131, 1261, 1202, 1302, 1160, 1137, 1332, 1093]
2次グループ 16: [1262, 1317, 1178, 1165, 1187, 1206, 1073, 1314]
2次グループ 17: [1224, 1177, 1263, 1176, 1219, 1070, 1337, 1136]
2次グループ 18: [1236, 1117, 1066, 1242, 1126, 1127, 1175, 1307]
2次グループ 19: [1306, 1340, 1098, 1147, 1152, 1274, 1203, 1167]
2次グループ 20: [1215, 1282, 1222, 1291, 1223, 1218, 1072, 1271]
2次グループ 21: [1092, 1042, 1308, 1099, 1268, 1026, 1169, 1006]
2次グループ 22: [1040, 1048, 1142, 1247, 1258, 1270, 1246, 1233]
2次グループ 23: [1260, 1141, 1248, 1185, 1163, 1316, 1039, 1180]
2次グループ 24: [1162, 1338, 1289, 1101, 1278, 1155, 1327, 1273]
2次グループ 25: [1326, 1087, 1315, 1190, 1192, 1207]

